4 900
100 2 1 2
200 2 0 3
500 2 0 3
1000 2 1 2
4 900
100 3 1 2 3
200 3 0 2 3
500 3 0 1 3
1000 3 0 1 2
8 10
4 1 1
2 4 0 2 4 3
4 1 1
4 1 1
3 4 1 5 6 7
3 3 4 6 7
3 3 5 4 7
3 3 4 5 6
10 29
1 4 1 2 4 6
1 8 0 2 4 5 6 7 8 9
7 6 0 1 3 5 6 7
1 6 2 4 5 6 7 8
6 8 0 1 3 5 6 7 8 9
9 7 1 2 3 4 7 8 9
9 7 0 1 2 3 4 8 9
9 5 1 2 3 4 5
4 5 1 3 4 5 6
4 4 1 4 5 6
10 31
9 7 1 3 4 5 6 7 9
9 8 0 2 3 4 6 7 8 9
8 4 1 3 6 8
0 7 0 1 2 4 5 8 9
2 7 0 1 3 6 7 8 9
4 4 0 3 6 8
8 7 0 1 2 4 5 7 8
3 5 0 1 4 6 8
5 7 1 2 3 4 5 6 7
2 4 0 1 3 4
0 0